1000 22649674
1578
675
392
597
835
1067
748
1961
1476
590
1625
469
1637
1594
1935
529
1869
828
457
11
1308
1259
1331
1038
475
706
986
824
630
1429
1766
534
834
13
94
661
777
1006
717
927
1884
496
98
1239
1524
931
136
1763
1441
1
669
1720
588
1495
1881
583
267
1571
1657
722
384
405
1508
529
1537
1855
1470
817
132
1547
1449
492
246
1618
604
578
172
132
1310
1946
389
1877
1207
1211
1424
652
866
1016
1843
1045
732
1516
1447
1720
738
544
1711
910
1750
1286
1511
1859
1426
1667
499
1518
570
1481
1686
1663
1962
911
880
169
1979
497
450
486
10
422
1429
803
1710
898
510
1851
766
1200
28
966
1556
452
408
189
256
612
107
383
265
553
876
280
1058
1689
1879
1149
370
1501
1685
195
1352
155
426
1326
615
1496
1897
568
1617
12
302
1912
1288
999
1480
512
109
197
448
833
387
3
1911
1537
1962
1027
1513
1557
1925
105
1695
1165
1088
1174
2
1963
69
891
825
1170
1758
1246
1278
498
962
1933
314
637
814
1063
1058
733
1847
366
558
291
1291
1317
2
145
1110
675
50
1695
513
891
550
1842
1216
1804
1338
720
1451
429
22
1992
1461
220
120
1074
1072
1320
947
911
1412
399
1288
1792
692
496
154
1395
658
65
1699
1444
20
1314
104
1903
323
1333
1419
305
979
620
934
1780
1763
255
1726
1545
819
867
1101
818
775
1709
785
809
1549
1438
1782
236
1788
1017
399
1541
1693
1119
1739
652
951
322
175
489
1379
517
1513
1452
1800
1935
1825
751
55
1028
1094
1588
1955
1920
1500
1429
1395
981
180
1321
1078
32
162
866
826
1757
255
46
1650
1665
1034
535
593
1506
258
1138
641
903
1969
1124
1313
593
1309
307
1769
19
453
1944
337
776
1854
709
482
931
868
152
1764
1334
665
1095
882
1141
940
1538
911
595
1982
782
1113
958
669
556
358
1537
125
1260
1217
1665
976
601
815
1299
1965
1740
988
619
1176
1588
757
1633
1616
1544
536
1849
616
1152
775
1592
216
1595
1589
194
205
1699
1884
1595
1792
1946
1164
869
141
1519
339
1126
578
1931
1881
1190
1717
457
1835
46
55
897
1475
272
614
1522
208
812
581
1266
1276
821
173
500
812
787
1946
337
767
905
1181
1335
841
293
1159
467
1497
561
183
1534
1111
1586
497
667
974
327
1980
1293
1431
1456
1980
1592
443
1357
1937
1203
1
1683
1059
1019
183
444
692
1383
1291
637
827
623
1847
1498
1328
1829
845
1469
1082
1353
1614
956
410
513
24
1472
1180
1083
1502
130
1799
1216
433
1470
88
272
1877
1132
185
101
694
1235
570
120
586
128
594
1060
284
1809
583
372
729
1374
1368
1954
39
726
1275
1146
1467
1676
1911
639
732
1535
78
1980
1544
1905
743
591
781
1416
1369
1488
821
1643
450
1525
127
885
1270
1072
7
995
30
526
1009
1146
957
445
1581
725
1258
659
741
579
1260
442
1795
632
336
164
978
919
16
637
793
75
1020
1262
960
327
1106
242
407
586
1241
1119
1965
1201
1322
1221
1428
1593
1933
773
234
1513
573
1641
441
1125
1921
1711
546
1896
231
189
1660
50
1862
125
1788
1971
840
1905
1392
1848
1071
511
1373
726
222
412
371
157
1771
1756
247
1225
1629
313
521
147
1660
1166
627
996
604
1958
903
703
1191
1171
1503
1228
594
1908
1440
1765
1243
367
916
154
602
1326
475
1264
331
1853
1550
2
1158
1225
288
882
1368
1504
1834
1562
1445
876
216
555
1507
1747
309
1928
1190
581
1795
1906
936
1889
1685
688
1881
1615
881
1670
894
1339
1342
1843
1462
720
47
807
791
789
1064
662
1562
1289
1909
1357
1734
1604
197
1487
503
1151
1850
627
433
191
1968
804
1991
423
1990
1438
1766
1544
103
1724
51
1355
1330
796
1200
1108
1830
702
238
49
86
658
1114
798
676
1055
788
595
1378
439
658
728
1672
1065
1589
1791
1398
1820
1823
739
1503
611
906
1111
1727
1173
174
1944
849
707
80
808
251
907
1993
1531
1062
565
1115
1344
454
1739
1959
462
1252
893
863
1667
2000
742
1006
1083
1571
1407
289
1725
763
89
214
1315
1053
586
299
596
1622
1756
1292
1555
1772
1452
1858
1479
1401
1646
117
477
793
72
1965
1588
109
507
999
685
1414
819
600
486
43
904
453
1871
154
374
926
340
1778
836
1272
1206
609
453
4
1026
1310
1505
1338
1911
338
340
1561
1128
239
1955
1389
1565
1889
1221
1204
1530
131
1097
1208
1786
1452
826
250
996
668
624
772
1017
1409
1427
282
1959
819
1312
1506
1922
1076
194
1635
1548
886
1635
1842
285
1463
590
726
955
32
186
652
1702
466
940
1971
792
1740
1054
63
1284
83
133
1766
979
723
1344
1008
1568
327
208
135
1508
1195
1929
889
430
1441
435
1232
1552
1334
350
1178
1015
1053
398
1932
915
1443
1536
82
1749
937
529
921
733
1204
1590
1626
1852
724
1571
1664
840
344
1131
422
1796
1358
1068
1104
1208
1664
1459
809
165
317
1546
303
76
1620
1237
1941
862
52
121
1374
439
998
1570
49
1977
495
1426
361
1746
390
1420
928
1289
981
750
365
289
1382
1627
5
462
1712
1223
189
545
251
973
1554
670
804
347
1846
814
18
1476
1143
1828
297
1542
699
31
1735
224
1889
1032
1717
1120
