1000 22649674
15782
6750
3925
5967
8351
10666
7477
19603
14754
5903
16248
4696
16362
15939
19349
5288
18687
8283
4568
119
13081
12591
13307
10384
4753
7059
9862
8239
6299
14288
17658
5342
8345
136
942
6607
7775
10059
7168
9271
18832
4967
988
12388
15240
9312
1360
17626
14411
12
6693
17201
5886
14946
18809
5836
2669
15709
16563
7219
3846
4056
15075
5290
15367
18543
14696
8174
1326
15472
14487
4920
2460
16174
6038
5784
1729
1324
13095
19457
3894
18765
12069
12111
14242
6524
8661
10165
18428
10453
7324
15153
14466
17200
7377
5446
17109
9101
17498
12854
15105
18587
14261
16664
4991
15182
5703
14809
16860
16623
19611
9107
8805
1692
19782
4973
4498
4866
109
4226
14289
8032
17096
8985
5098
18504
7663
12000
282
9655
15562
4525
4086
1889
2560
6121
1076
3829
2649
5534
8756
2800
10579
16884
18782
11485
3700
15007
16842
1950
13519
1552
4265
13262
6148
14956
18962
5687
16171
126
3027
19116
12882
9994
14803
5122
1098
1976
4482
8335
3872
32
19102
15369
19616
10269
15130
15565
19245
1055
16949
11650
10883
11744
27
19627
699
8913
8256
11698
17578
12458
12783
4978
9617
19327
3145
6369
8141
10626
10578
7336
18465
3664
5577
2909
12910
13164
27
1452
11096
6747
504
16950
5135
8907
5499
18416
12164
18032
13374
7204
14506
4294
227
19911
14605
2204
1208
10737
10719
13194
9470
9111
14118
3995
12877
17920
6925
4963
1545
13948
6584
656
16984
14435
200
13138
1045
19024
3237
13329
14192
3050
9789
6206
9338
17801
17628
2557
17253
15450
8189
8668
11006
8184
7749
17091
7852
8094
15483
14379
17812
2360
17878
10165
3991
15406
16924
11186
17384
6526
9513
3219
1752
4893
13784
5176
15131
14517
17999
19344
18243
7515
552
10282
10939
15874
19547
19195
15001
14283
13944
9807
1801
13212
10775
324
1623
8656
8264
17567
2550
461
16499
16648
10345
5352
5934
15055
2580
11377
6416
9031
19684
11241
13127
5936
13090
3077
17682
191
4528
19433
3371
7764
18540
7095
4823
9309
8677
1527
17633
13342
6656
10954
8816
11414
9396
15383
9114
5953
19813
7822
11127
9581
6688
5566
3586
15368
1257
12603
12174
16643
9757
6009
8156
12992
19648
17394
9884
6196
11764
15880
7575
16330
16160
15438
5364
18490
6166
11517
7752
15919
2159
15947
15892
1939
2052
16983
18832
15944
17919
19452
11638
8687
1418
15184
3392
11257
5784
19306
18810
11902
17165
4570
18347
468
553
8973
14747
2727
6137
15222
2087
8117
5815
12655
12763
8213
1731
5003
8121
7872
19455
3371
7666
9055
11804
13351
8407
2929
11588
4669
14965
5607
1838
15335
11108
15862
4973
6674
9740
3277
19791
12925
14307
14559
19799
15913
4434
13571
19364
12030
10
16827
10586
10192
1831
4442
6926
13827
12908
6376
8271
6228
18463
14979
13277
18283
8446
14685
10818
13525
16136
9561
4102
5135
248
14721
11799
10831
15016
1308
17982
12161
4337
14701
881
2719
18765
11317
1852
1019
6938
12351
5703
1203
5863
1283
5941
10596
2839
18085
5832
3722
7288
13733
13674
19534
394
7257
12748
11455
14670
16759
19108
6390
7324
15352
786
19799
15437
19045
7431
5916
7815
14155
13692
14879
8213
16422
4506
15246
1276
8849
12702
10717
76
9951
302
5258
10086
11459
9567
4452
15809
7250
12578
6594
7414
5789
12595
4426
17942
6325
3365
1646
9777
9195
165
6370
7932
753
10205
12617
9599
3275
11062
2427
4075
5865
12411
11186
19644
12009
13218
12204
14275
15927
19329
7729
2346
15131
5728
16403
4415
11249
19204
17104
5458
18956
2318
1895
16601
506
18619
1257
17876
19705
8396
19043
13918
18477
10714
5116
13726
7264
2225
4127
3710
1571
17711
17556
2470
12248
16287
3128
5217
1470
16601
11661
6274
9963
6044
19572
9029
7030
11913
11714
15029
12278
5939
19076
14398
17650
12426
3674
9165
1541
6027
13259
4756
12640
3309
18524
15495
23
11579
12246
2879
8819
13675
15037
18338
15616
14448
8764
2163
5557
15071
17470
3094
19278
11902
5814
17948
19060
9356
18885
16845
6880
18807
16147
8808
16695
8941
13393
13415
18424
14617
7203
477
8071
7911
7895
10643
6621
15616
12886
19084
13566
17337
16041
1973
14871
5034
11511
18500
6273
4328
1911
19675
8041
19910
4235
19897
14381
17658
15440
1030
17236
516
13553
13296
7964
12003
11080
18300
7017
2380
496
867
6582
11144
7984
6764
10553
7885
5954
13776
4390
6582
7281
16717
10650
15887
17909
13975
18199
18230
7392
15031
6111
9059
11107
17264
11728
1746
19432
8491
7076
803
8080
2509
9070
19927
15310
10619
5656
11146
13441
4545
17386
19582
4622
12522
8930
8631
16666
19995
7416
10058
10832
15708
14067
2892
17245
7636
893
2142
13144
10532
5864
2995
5965
16217
17555
12921
15545
17720
14518
18581
14788
14007
16459
1178
4771
7930
728
19649
15878
1093
5070
9992
6851
14140
8186
6002
4861
433
9036
4530
18711
1546
3746
9264
3408
17776
8360
12723
12056
6094
4537
49
10260
13102
15045
13380
19105
3385
3406
15603
11284
2396
19541
13889
15646
18889
12208
12040
15295
1314
10969
12083
17852
14514
8260
2499
9963
6677
6239
7724
10172
14093
14271
2820
19588
8190
13118
15056
19211
10761
1940
16351
15475
8858
16351
18419
2851
14624
5906
7264
9553
327
1861
6517
17020
4663
9403
19706
7925
17394
10542
631
12835
836
1333
17660
9789
7229
13435
10080
15681
3269
2080
1358
15076
11951
19286
8895
4304
14404
4352
12322
15516
13334
3503
11782
10148
10533
3978
19315
9147
14429
15360
819
17487
9375
5291
9206
7336
12035
15895
16254
18518
7245
15709
16639
8397
3442
11309
4228
17953
13581
10684
11043
12083
16637
14588
8090
1653
3177
15454
3033
764
16198
12368
19409
8623
527
1215
13734
4397
9980
15695
495
19762
4952
14262
3616
17458
3903
14201
9277
12885
9813
7499
3656
2893
13817
16272
51
4624
17114
12230
1898
5456
2518
9730
15534
6700
8046
3472
18461
8145
185
14763
11431
18280
2972
15413
6990
317
17346
2241
18887
10316
17170
11200
