1000 29571371
108809
93853
127955
67171
102444
114841
66933
102396
109166
93486
170353
13442
116106
123457
71290
138239
105973
19686
53772
114733
55483
76255
181563
10659
142523
102557
23274
161962
193401
167888
186031
111059
101975
40717
114131
129889
169330
30049
26439
159212
174056
58527
40113
161175
166854
21611
4967
88868
149392
141329
25632
187659
73774
79174
35887
137015
133442
74710
5194
105717
118521
105393
75392
67882
54521
105692
112751
144615
59614
109684
191228
60133
18757
52955
186444
47921
189118
191145
57038
13482
193129
199823
109688
67899
135846
84102
48297
107066
191075
85219
28770
123929
199791
162981
122018
77183
170869
99483
156899
98815
126197
114203
138622
138866
36188
3953
49315
19040
198422
150903
143559
102595
63067
139374
168400
190603
148707
30412
114671
9363
172577
191687
173861
183522
147751
167018
166490
95874
94195
74037
106153
54213
131909
121914
129787
49983
45831
66750
38055
177292
34511
5963
22752
192502
65013
44274
87637
62556
139570
63569
176926
84414
96978
61919
46589
193156
61976
227
20020
68244
135347
94795
157518
103014
88999
152850
58505
63739
30015
53542
61578
108864
10219
145571
129775
53899
45472
28764
34190
13812
143477
131335
74592
28625
95322
29823
22082
124390
156084
14378
56397
39284
23539
12837
154437
132556
183736
143832
91909
64502
50978
169638
10263
88727
179373
10629
43939
61455
35103
163578
149986
129129
199347
98497
188586
42843
37581
6018
155763
6833
42287
102453
68310
44035
69400
163065
139353
28615
130144
45882
118398
38163
183879
149381
151549
192121
65318
158458
112989
138374
161527
78693
152027
24100
40537
94797
192911
143201
87387
60473
138509
40971
175184
15564
175789
177080
83316
50285
121263
195902
9677
38979
105937
26551
25728
5297
29664
152190
165499
49740
157999
1704
39709
166716
88690
163395
76401
24813
19360
176581
93231
84647
10038
104003
120246
104173
169517
177634
194238
36387
141241
161558
13624
186155
199000
68786
42025
97085
52124
26555
105673
184887
84669
188099
63165
186458
90525
197475
44917
93829
132312
89983
88833
158184
97888
146235
81499
117001
170867
57352
88982
75365
12532
28160
81320
97695
107420
151406
197462
27357
180090
64442
41884
118615
86928
142239
129062
64150
136942
103414
17157
148100
32920
75311
116249
136514
101975
42475
57516
38841
182150
89573
4672
125431
47067
28499
172143
95739
27766
56429
169870
96351
120054
81478
154650
102811
86541
46523
85040
21165
109477
123795
153404
161033
188722
138850
162803
125943
44200
52633
173283
68603
181026
302
81019
47129
73825
137892
67233
157452
192839
122214
182292
78642
98346
50476
127691
22624
34397
88240
192379
197984
188592
157026
42372
132069
2531
148065
37856
36356
25662
99302
104060
74870
104804
182056
102663
197682
114518
36527
92714
304
112951
94999
192423
138700
51008
67136
125461
154487
175769
38718
110123
165395
100109
69922
147180
159091
147635
5036
47759
59983
101653
27377
109443
142876
29536
382
24024
157886
98236
192262
31725
197619
58385
43399
181393
166528
131545
3804
147277
3704
61664
147358
160915
8270
190945
98350
119089
66862
112245
36643
45501
119979
19309
124017
76894
121117
141382
118103
88866
117724
113129
95380
197496
190983
126516
83963
114597
164326
120316
79091
43190
66535
19716
158927
194965
49883
157293
136346
87551
27863
89934
73932
127990
58287
193740
78099
161020
172520
33756
116896
7774
55821
148906
175169
166577
153673
95994
112830
73735
22330
90251
255
95548
25327
61357
1616
175203
131800
91653
165729
100547
43280
186148
80661
17427
89555
107091
11493
163663
191079
150367
123014
31506
111756
10906
94492
67159
104997
26903
153626
93407
44191
103550
109955
142824
154662
117201
127481
94237
179838
20653
102260
26372
30361
63334
18153
87957
39361
125862
84940
137897
156619
197916
58976
181913
103801
123927
176093
92863
100222
176317
58224
134860
115208
32223
152540
51050
171033
49971
39314
126522
178182
192801
92312
42331
37647
117669
199039
128955
64916
14977
124595
195465
63373
73532
9718
126803
104448
291
92575
53959
57756
68283
191142
14366
43155
81787
147572
156158
58623
39186
177896
188439
174461
61043
123277
39510
29864
116261
131586
81344
105133
112056
62234
139868
76632
107744
188349
67499
17780
25211
106991
137625
187687
147188
94749
197349
116574
197421
140726
96397
89348
14668
130915
9255
148698
83536
145002
164288
85547
148941
166811
97206
93608
11363
184913
112386
7137
147390
91354
139712
48378
61420
57923
88467
17559
107469
174568
52630
132818
191936
150388
87393
167852
184349
43749
71530
168960
8235
10391
35684
125258
133919
91001
194542
151146
21462
98801
100504
106391
45700
61549
14255
190321
4898
125658
56242
37982
140749
84907
183000
169595
73842
14241
145459
34737
4180
53025
162536
52267
18815
14143
94661
111085
138148
173193
154344
160393
20233
44463
69947
168748
42045
28310
194400
155006
96556
159908
75353
10339
175717
168945
163270
172398
184621
9204
93172
93301
60414
142416
100525
63403
178680
158414
165599
126834
22310
150508
92260
166272
39641
22473
95758
149594
142896
162960
173239
121964
170807
48082
91514
26465
192287
43866
30151
136897
142810
117220
44859
119853
91344
167728
105486
34464
21273
128427
189446
102028
122412
114115
56427
133781
175613
23910
45718
164918
82002
163819
1311
49311
152227
181401
94902
172193
149031
77119
91256
92990
29602
114637
43075
145454
159630
9719
157631
5484
178541
23712
117556
94200
167621
103486
27049
11532
19767
24774
162464
31250
13873
161017
111630
96074
58608
1477
33266
90226
177464
134851
163496
172205
143369
118245
78132
126147
79430
133986
17348
171013
104541
155963
174418
137307
45238
90705
34105
185644
12201
58686
97759
184507
97499
15348
159278
85940
153170
34874
110225
88610
21837
5366
191878
182193
234
135684
159988
21915
118175
98303
125662
123747
151409
36649
142297
100419
92574
33655
22424
76956
160969
109602
19233
38642
36719
125421
78313
158101
107941
98134
87489
170874
175037
143782
59231
59378
129453
39228
79362
188852
123882
13716
117999
132425
191777
81968
189147
70914
12833
82067
55241
3557
189524
6368
36489
48230
179148
28117
157398
89060
175209
39769
186982
96751
37765
100089
147081
108187
35061
62769
130284
6154
31927
188994
107202
79730
175379
88657
15083
96810
22666
141502
143248
75387
195293
162617
12962
57585
8822
81787
142643
113658
178395
181338
41084
87939
145761
112047
102400
169929
100259
187833
189613
107830
34993
106874
172357
91548
1452
10499
55677
138047
80293
36307
191087
77879
68195
109024
98354
187512
196518
165095
47827
3243
104977
92756
95143
21931
193355
193246
