1000 22649674
1579283
675446
392762
597118
835650
1067361
748179
1961578
1476392
590735
1625831
469988
1637330
1594957
1936158
529185
1869967
828826
457150
11985
1309005
1259948
1331617
1039123
475648
706443
986867
824430
630377
1429783
1766945
534601
835111
13699
94350
661180
778011
1006628
717275
927747
1884475
497047
98910
1239597
1524997
931811
136094
1763784
1442062
1230
669810
1721221
589060
1495641
1882098
583985
267071
1571958
1657402
722364
384891
405915
1508540
529403
1537675
1855477
1470571
817970
132747
1548249
1449712
492411
246235
1618456
604247
578859
173031
132495
1310356
1946986
389742
1877730
1207665
1211965
1425191
652849
866726
1017174
1844020
1046045
732910
1516335
1447523
1721111
738211
545013
1712071
910711
1750914
1286276
1511477
1859881
1427038
1667511
499513
1519260
570721
1481935
1687109
1663430
1962378
911374
881085
169330
1979501
497663
450152
486920
10980
422939
1429845
803774
1710761
899086
510131
1851625
766829
1200807
28279
966191
1557240
452886
408933
189114
256178
612555
107671
383216
265105
553775
876209
280258
1058605
1689504
1879393
1149266
370310
1501702
1685355
195134
1352761
155306
426862
1327067
615257
1496595
1897459
569061
1618183
12640
302935
1912863
1289103
1000124
1481270
512528
109922
197819
448506
834061
387487
3209
1911449
1537919
1962861
1027634
1513960
1557565
1925772
105606
1696011
1165741
1089059
1175203
2736
1963995
69953
891960
826129
1170544
1759009
1246608
1279190
498170
962403
1934001
314767
637366
814691
1063331
1058548
734120
1847671
366681
558146
291109
1291861
1317266
2747
145344
1110344
675188
50471
1696091
513884
891348
550260
1842840
1217227
1804384
1338267
720879
1451614
429762
22743
1992419
1461485
220543
120930
1074406
1072634
1320299
947695
911762
1412792
399829
1288555
1793152
692957
496693
154649
1395779
658875
65714
1699480
1444445
20083
1314652
104665
1903637
323977
1333783
1420169
305261
979591
621059
934410
1781308
1763951
255887
1726399
1546068
819443
867446
1101303
818961
775433
1710278
785740
809957
1549320
1438834
1782408
236242
1789003
1017207
399367
1541595
1693507
1119339
1739563
653093
951947
322122
175315
489621
1379338
517970
1514073
1452648
1801085
1935639
1825545
751995
55314
1028918
1094680
1588409
1956008
1920735
1501092
1429284
1395322
981351
180247
1322093
1078274
32518
162477
866239
826998
1757878
255191
46182
1651028
1665875
1035196
535539
593824
1506500
258233
1138445
642015
903698
1969655
1124910
1313610
594050
1309901
307927
1769415
19198
453097
1944601
337400
776990
1855194
709985
482687
931497
868342
152885
1764492
1335048
666081
1096186
882214
1142155
940230
1539286
912071
595757
1982614
782781
1113457
958755
669264
556959
358880
1537810
125823
1261132
1218171
1665396
976375
601285
816134
1300116
1966119
1740536
989117
620002
1177203
1589052
758043
1634116
1617083
1544860
536805
1850187
617023
1152505
775783
1592950
216106
1595770
1590209
194113
205395
1699388
1884421
1595425
1793107
1946436
1164538
869294
141915
1519365
339445
1126415
578845
1931832
1882254
1191024
1717641
457377
1835863
46920
55425
897953
1475659
272968
614187
1523168
208915
812281
581901
1266375
1277185
821902
173291
500661
812650
787712
1946744
337400
767169
906152
1181237
1336012
841319
293125
1159631
467241
1497468
561117
183951
1534534
1111590
1587251
497676
667860
974691
327945
1980382
1293416
1431670
1456827
1981233
1592368
443774
1357988
1937627
1203782
1052
1683858
1059280
1019933
183291
444568
693129
1383670
1291702
638081
827645
623257
1847501
1498942
1328568
1829481
845200
1469515
1082520
1353443
1614666
956715
410500
513833
24856
1473093
1180745
1083839
1502563
130976
1799375
1216907
434016
1471123
88254
272091
1877725
1132464
185414
101974
694311
1235968
570759
120425
586716
128403
594511
1060307
284114
1809698
583634
372526
729329
1374268
1368349
1954705
39458
726227
1275656
1146235
1468002
1677002
1912110
639504
732911
1536259
78710
1981230
1544704
1905805
743572
591994
782084
1416422
1370107
1488909
821870
1643335
450928
1525664
127706
885556
1271007
1072437
7680
995751
30277
526156
1009273
1146681
957313
445573
1581905
725512
1258599
659868
741904
579281
1260372
442966
1795411
632931
336768
164746
978418
920134
16590
637484
793793
75438
1021188
1262546
960521
327774
1106984
242948
407765
586901
1241955
1119352
1965730
1201718
1322697
1221253
1428463
1593766
1934148
773440
234797
1514140
573231
1641429
441854
1125661
1921700
1711573
546215
1896844
231979
189674
1661173
50719
1863137
125855
1788822
1971781
840224
1905605
1392754
1848904
1072110
512007
1373515
726879
222704
412992
371301
157291
1772257
1756806
247164
1225671
1629751
313093
522056
147163
1661239
1166905
627850
996976
604806
1958448
903504
703478
1192063
1172196
1503938
1228586
594324
1908823
1440738
1766154
1243458
367655
917165
154244
603101
1326821
475920
1264890
331153
1853577
1550544
2331
1158724
1225472
288107
882466
1368441
1504688
1835001
1562657
1445806
877039
216521
556075
1508137
1748117
309604
1929052
1190956
581814
1795963
1907245
936202
1889785
1685622
688515
1881922
1615734
881412
1670630
894730
1340209
1342382
1843569
1462706
720795
47799
807649
791692
790042
1064974
662536
1562648
1289515
1909652
1357499
1734857
1605214
197523
1488057
503778
1151854
1851259
627698
433106
191241
1968802
804625
1992357
423806
1990989
1439071
1767005
1545073
103107
1724762
51642
1356165
1330531
796956
1201109
1108746
1831258
702230
238163
49661
86848
658699
1115115
798950
676915
1056051
789061
595840
1378499
439326
658676
728632
1672784
1065744
1589709
1792122
1398468
1821084
1824235
739697
1504139
611531
906505
1111479
1727567
1173546
174806
1944512
849680
708056
80427
808570
251075
907629
1993971
1532031
1062587
566055
1115386
1345039
454871
1739760
1959493
462582
1253016
893630
863669
1667719
742168
1006531
1083962
1571824
1407665
289467
1725638
764143
89442
214422
1315304
1053895
586845
299760
596927
1622811
1756630
1292947
1555532
1773192
1452771
1859288
1479775
1401673
1647006
117917
477440
793555
72875
1966229
1588895
109464
507341
999839
685629
1414960
819189
600670
486445
43399
904203
453331
1872308
154707
374919
927060
341032
1778752
836614
1273159
1206438
609837
454053
4943
1026669
1311044
1505492
1338933
1911735
338803
340900
1561329
1129133
239824
1955381
1389879
1565661
1890115
1221597
1204826
1530547
131529
1097635
1209128
1786410
1452352
826551
250127
996980
668196
624384
772891
1017863
1410233
1428027
282217
1960110
819588
1312711
1506599
1922377
1076854
194198
1636136
1548573
886412
1636153
1843141
285284
1463413
591038
726923
955978
32758
186280
652185
1703114
466612
940970
1971897
793059
1740540
1054936
63188
1284405
83721
133475
1767210
979597
723373
1344357
1008703
1569140
327125
208160
135960
1508580
1195919
1929868
890150
430680
1441373
435550
1233049
1552648
1334315
350523
1178955
1015460
1054003
398081
1932727
915337
1443821
1536974
82031
1749821
938146
529485
921248
734082
1204353
1590533
1626509
1853051
725054
1571959
1665030
840251
344447
1131645
423080
1796526
1359008
1069168
1105018
1209121
1664829
1459734
809517
165421
317917
1546394
303540
76545
1620875
1237598
1942132
862859
52759
121662
1374331
440061
998700
1570553
49535
1977477
495578
1427199
361869
1746931
390548
1421040
928307
1289340
981980
750465
365831
289566
1382619
1628304
5147
462728
1712566
1223799
189965
545998
252031
973693
1554395
670470
805122
347467
1847341
815105
18545
1477259
1143875
1829210
297435
1542369
699479
31778
1735727
224340
1889984
1032290
1718157
1120750
1434829
