1000 22649674
7918555
3386703
1969317
2993962
4189964
5351769
3751384
9835392
7402661
2961956
8151948
2356530
8209603
7997147
9707933
2653343
9376051
4155749
2292158
60097
6563379
6317407
6676756
5210182
2384911
3542118
4948172
4133709
3160722
7168960
8859497
2680500
4187262
68691
473077
3315169
3900964
5047254
3596434
4651744
9448794
2492203
495938
6215365
7646367
4672120
682381
8843647
7230528
6170
3358440
8630238
2953558
7499174
9436879
2928115
1339101
7881830
8310248
3621946
1929854
2035267
7563851
2654438
7709932
9303400
7373472
4101319
665598
7762951
7268887
2468961
1234628
8114970
3029710
2902413
867583
664333
6570151
9762225
1954176
9414973
6055257
6076815
7145939
3273401
4345785
5100132
9245954
5244889
3674826
7602935
7257910
8629685
3701404
2732707
8584359
4566323
8779116
6449413
7578578
9325478
7155197
8360932
2504568
7617600
2861605
7430453
8459199
8340471
9839402
4569646
4417777
849028
9925257
2495293
2257073
2441426
55056
2120625
7169269
4030141
8577788
4508037
2557806
9284083
3844897
6020871
141794
4844500
7808031
2270782
2050397
948224
1284482
3071364
539866
1921453
1329244
2776640
4393331
1405223
5307867
8471205
9423315
5762441
1856741
7529566
8450402
978405
6782771
778707
2140297
6653941
3084914
7503955
9513897
2853287
8113599
63379
1518921
9591134
6463590
5014643
7427117
2569825
551155
991868
2248817
4182000
1942869
16094
9584043
7711158
9841825
5152576
7591026
7809664
9655861
529510
8503831
5845051
5460563
5892493
13721
9847510
350746
4472307
4142229
5869134
8819705
6250519
6413884
2497834
4825506
9697122
1578248
3195766
4084879
5331561
5307582
3680896
9264261
1838547
2798558
1459626
6477417
6604798
13775
728757
5567290
3385406
253066
8504233
2576626
4469239
2759017
9240035
6103199
9047217
6710097
3614503
7278422
2154835
114037
9990028
7327916
1105811
606347
5387093
5378211
6620007
4751762
4571596
7083768
2004751
6460841
8990900
3474503
2490428
775414
6998464
3303612
329493
8521229
7242475
100700
6591693
524796
9544871
1624430
6687617
7120758
1530584
4911690
3114003
4685149
8931512
8844487
1283023
8656197
7752015
4108703
4349392
5521955
4106287
3888038
8575366
3939715
4061141
7768321
7214342
8937027
1184525
8970099
5100298
2002438
7729587
8491278
5612388
8722206
3274620
4773080
1615129
879034
2454969
6916026
2597112
7591592
7283607
9030677
9705334
9153320
3770519
277347
5159018
5488749
7964314
9807462
9630604
7526504
7166460
6996172
4920514
903762
6629002
5406486
163048
814663
4343340
4146584
8814036
1279536
231558
8278287
8352733
5190496
2685204
2977444
7553620
1294789
5708189
3219078
4531161
9875887
5640323
6586466
2978580
6567871
1543956
8871881
96263
2271837
9750268
1691733
3895843
9301979
3559880
2420206
4670547
4353886
766568
8847197
6693960
3339744
5496300
4423441
5726787
4714333
7718010
4573143
2987140
9940866
3924879
5582898
4807217
3355704
2792607
1799433
7710610
630883
6323344
6107934
8350327
4895563
3014854
4092114
6518809
9858159
8727083
4959455
3108702
5902519
7967539
3800843
8193489
8108086
7745960
2691550
9276874
3093768
5778683
3889794
7987081
1083562
8001224
7973342
973286
1029857
8520763
9448525
7999493
8990676
9759470
5839015
4358659
711564
7618128
1701988
5647866
2902340
9686245
9437657
5971818
8612286
2293299
9205055
235262
277905
4502354
7398983
1368669
3079548
7637195
1047504
4072794
2917666
6349632
6403830
4121034
868887
2510328
4074646
3949607
9761015
1691730
3846600
4543464
5922744
6698789
4218393
1469737
5814415
2342755
7508333
2813452
922335
7694187
5573533
7958506
2495358
3348664
4887123
1644326
9929674
6485213
7178420
7304559
9933943
7984164
2225091
6808977
9715299
6035789
5278
8442898
5311249
5113966
919024
2229072
3475365
6937751
6476618
3199352
4149828
3125023
9263404
7515727
6661468
9173052
4237850
7368177
5427778
6786192
8095969
4796989
2058256
2576368
124630
7386119
5920281
5434390
7533879
656717
9022104
6101596
2176165
7376240
442510
1364270
9414951
5678199
929669
511299
3481291
6197168
2861796
603813
2941806
643819
2980894
5316403
1424553
9073860
2926355
1867855
3656872
6890606
6860927
9800930
197847
3641318
6396165
5747245
7360593
8408522
9587357
3206489
3674832
7702834
394657
9933929
7745174
9555744
3728287
2968272
3921387
7101969
6869744
7465422
4120876
8239712
2260965
7649710
640324
4440198
6372857
5377222
38509
4992715
151812
2638160
5060517
5749481
4799985
2234114
7931706
3637731
6310639
3308591
3719924
2904528
6319530
2221042
9002226
3173532
1688565
826040
4905808
4613571
83183
3196357
3980097
378250
5120259
6330432
4816071
1643469
5550443
1218146
2044545
2942735
6227186
5612455
9856207
6025436
6632030
6123388
7162340
7991176
9697856
3878045
1177278
7591927
2874191
8230156
2215468
5644087
9635443
8581862
2738732
9510811
1163150
951032
8329153
254310
9341808
631040
8969189
9886550
4212903
9554743
6983295
9270442
5375581
2567217
6886832
3644587
1116645
2070752
1861713
788662
8886132
8808660
1239287
6145539
8171605
1569855
2617602
737878
8329486
5850884
3148055
4998857
3032510
9819697
4530186
3527253
5977029
5877417
7540774
6160157
2979953
9570878
7223890
8855529
6234723
1843431
4598685
773386
3023962
6652705
2386272
6342185
1660410
9293870
7774460
11690
5809865
6144542
1444577
4424703
6861390
7544538
9200731
7835195
7249299
4397491
1085640
2788173
7561827
8765092
1552362
9672306
5971479
2917227
9004994
9562966
4694137
9475420
8451743
3452228
9435993
8101320
4419419
8376574
4486193
6719836
6730732
9243690
7334036
3614084
239666
4049570
3969562
3961285
5339802
3321971
7835148
6465653
9575033
6806528
8698607
8048574
990387
7461148
2525953
5775421
9282251
3147289
2171603
958886
9871612
4034405
9989719
2124972
9982857
7215531
8859798
7747025
516980
8647990
258936
6799840
6671310
3995956
6022387
5559276
9181965
3520998
1194156
249004
435461
3302731
5591210
4005950
3394065
5295059
3956369
2987556
6911823
2202790
3302616
3653378
8387372
5343661
7970833
8985736
7011946
9130952
9146749
3708855
7541784
3066229
4545235
5572977
8662057
5884185
876483
9749823
4260311
3550207
403264
4054186
1258896
4550872
9997811
7681633
5327832
2838210
5592567
6744051
2280732
8723193
9824939
2319397
6282646
4480677
4330455
8361977
3721246
5046766
5435008
7881158
7058061
1451397
8652382
3831430
448464
1075119
6594962
5284252
2942454
1503005
2993003
8136808
8807778
6482862
7799468
8890818
7284222
9322509
7419620
7028015
8258122
591242
2393893
3978902
365396
9858711
7966749
548859
2543820
5013211
3437759
7094640
4107429
3011770
2439047
217603
4533694
2273010
9387791
775706
1879855
4648298
1709944
8918697
4194802
6383644
6049107
3057735
2276632
24786
5147739
6573602
7548569
6713438
9585477
1698768
1709282
7828533
5661497
1202487
9804318
6968881
7850254
9477073
6125112
6041022
7674191
659493
5503563
6062593
8957093
7282123
4144343
1254146
4998876
3350350
3130673
3875293
5103585
7070939
7160158
1415045
9828031
4109433
6581961
7554117
9638836
5399369
973713
8203618
7764574
4444486
8203706
9241548
1430421
7337580
2963479
3644805
4793294
164250
934013
3270068
8539446
2339604
4718045
9887133
3976414
8727102
5289469
316830
6440031
419780
669246
8860824
4911720
3627009
6740634
5057658
7867700
1640215
1043720
681707
7564050
5996361
9676396
4463233
2159438
7227075
2183856
6182535
7785008
6690283
1757531
5911304
5091537
5284793
1995987
9690733
4589517
7239345
7706418
411306
8773639
4703882
2654851
4619159
3680704
6038652
7974963
8155346
9291236
3635436
7881832
8348495
4213034
1727066
5674090
2121331
9007816
6814091
5360832
5540581
6062557
8347486
7319136
4058937
829426
1594043
7753653
1521956
383803
8127100
6205339
9737886
4326391
264538
610019
6890926
2206474
5007504
7874782
248374
9915106
2484837
7156002
1814422
8759146
1958219
7125123
4654552
6464779
4923670
3762849
1834288
1451891
6932478
8164348
25812
2320131
8586841
6136154
952490
2737645
1263692
4882115
7793766
3361749
4036899
1742206
9262603
4086955
92986
7407005
5735411
9171694
1491346
7733470
3507203
159338
8702972
1124848
9476419
5175922
8614873
5619462
7194259
