10000 22649674
1578
675
392
597
835
1067
748
1961
1476
590
1625
469
1637
1594
1935
529
1869
828
457
11
1308
1259
1331
1038
475
706
986
824
630
1429
1766
534
834
13
94
661
777
1006
717
927
1884
496
98
1239
1524
931
136
1763
1441
1
669
1720
588
1495
1881
583
267
1571
1657
722
384
405
1508
529
1537
1855
1470
817
132
1547
1449
492
246
1618
604
578
172
132
1310
1946
389
1877
1207
1211
1424
652
866
1016
1843
1045
732
1516
1447
1720
738
544
1711
910
1750
1286
1511
1859
1426
1667
499
1518
570
1481
1686
1663
1962
911
880
169
1979
497
450
486
10
422
1429
803
1710
898
510
1851
766
1200
28
966
1556
452
408
189
256
612
107
383
265
553
876
280
1058
1689
1879
1149
370
1501
1685
195
1352
155
426
1326
615
1496
1897
568
1617
12
302
1912
1288
999
1480
512
109
197
448
833
387
3
1911
1537
1962
1027
1513
1557
1925
105
1695
1165
1088
1174
2
1963
69
891
825
1170
1758
1246
1278
498
962
1933
314
637
814
1063
1058
733
1847
366
558
291
1291
1317
2
145
1110
675
50
1695
513
891
550
1842
1216
1804
1338
720
1451
429
22
1992
1461
220
120
1074
1072
1320
947
911
1412
399
1288
1792
692
496
154
1395
658
65
1699
1444
20
1314
104
1903
323
1333
1419
305
979
620
934
1780
1763
255
1726
1545
819
867
1101
818
775
1709
785
809
1549
1438
1782
236
1788
1017
399
1541
1693
1119
1739
652
951
322
175
489
1379
517
1513
1452
1800
1935
1825
751
55
1028
1094
1588
1955
1920
1500
1429
1395
981
180
1321
1078
32
162
866
826
1757
255
46
1650
1665
1034
535
593
1506
258
1138
641
903
1969
1124
1313
593
1309
307
1769
19
453
1944
337
776
1854
709
482
931
868
152
1764
1334
665
1095
882
1141
940
1538
911
595
1982
782
1113
958
669
556
358
1537
125
1260
1217
1665
976
601
815
1299
1965
1740
988
619
1176
1588
757
1633
1616
1544
536
1849
616
1152
775
1592
216
1595
1589
194
205
1699
1884
1595
1792
1946
1164
869
141
1519
339
1126
578
1931
1881
1190
1717
457
1835
46
55
897
1475
272
614
1522
208
812
581
1266
1276
821
173
500
812
787
1946
337
767
905
1181
1335
841
293
1159
467
1497
561
183
1534
1111
1586
497
667
974
327
1980
1293
1431
1456
1980
1592
443
1357
1937
1203
1
1683
1059
1019
183
444
692
1383
1291
637
827
623
1847
1498
1328
1829
845
1469
1082
1353
1614
956
410
513
24
1472
1180
1083
1502
130
1799
1216
433
1470
88
272
1877
1132
185
101
694
1235
570
120
586
128
594
1060
284
1809
583
372
729
1374
1368
1954
39
726
1275
1146
1467
1676
1911
639
732
1535
78
1980
1544
1905
743
591
781
1416
1369
1488
821
1643
450
1525
127
885
1270
1072
7
995
30
526
1009
1146
957
445
1581
725
1258
659
741
579
1260
442
1795
632
336
164
978
919
16
637
793
75
1020
1262
960
327
1106
242
407
586
1241
1119
1965
1201
1322
1221
1428
1593
1933
773
234
1513
573
1641
441
1125
1921
1711
546
1896
231
189
1660
50
1862
125
1788
1971
840
1905
1392
1848
1071
511
1373
726
222
412
371
157
1771
1756
247
1225
1629
313
521
147
1660
1166
627
996
604
1958
903
703
1191
1171
1503
1228
594
1908
1440
1765
1243
367
916
154
602
1326
475
1264
331
1853
1550
2
1158
1225
288
882
1368
1504
1834
1562
1445
876
216
555
1507
1747
309
1928
1190
581
1795
1906
936
1889
1685
688
1881
1615
881
1670
894
1339
1342
1843
1462
720
47
807
791
789
1064
662
1562
1289
1909
1357
1734
1604
197
1487
503
1151
1850
627
433
191
1968
804
1991
423
1990
1438
1766
1544
103
1724
51
1355
1330
796
1200
1108
1830
702
238
49
86
658
1114
798
676
1055
788
595
1378
439
658
728
1672
1065
1589
1791
1398
1820
1823
739
1503
611
906
1111
1727
1173
174
1944
849
707
80
808
251
907
1993
1531
1062
565
1115
1344
454
1739
1959
462
1252
893
863
1667
2000
742
1006
1083
1571
1407
289
1725
763
89
214
1315
1053
586
299
596
1622
1756
1292
1555
1772
1452
1858
1479
1401
1646
117
477
793
72
1965
1588
109
507
999
685
1414
819
600
486
43
904
453
1871
154
374
926
340
1778
836
1272
1206
609
453
4
1026
1310
1505
1338
1911
338
340
1561
1128
239
1955
1389
1565
1889
1221
1204
1530
131
1097
1208
1786
1452
826
250
996
668
624
772
1017
1409
1427
282
1959
819
1312
1506
1922
1076
194
1635
1548
886
1635
1842
285
1463
590
726
955
32
186
652
1702
466
940
1971
792
1740
1054
63
1284
83
133
1766
979
723
1344
1008
1568
327
208
135
1508
1195
1929
889
430
1441
435
1232
1552
1334
350
1178
1015
1053
398
1932
915
1443
1536
82
1749
937
529
921
733
1204
1590
1626
1852
724
1571
1664
840
344
1131
422
1796
1358
1068
1104
1208
1664
1459
809
165
317
1546
303
76
1620
1237
1941
862
52
121
1374
439
998
1570
49
1977
495
1426
361
1746
390
1420
928
1289
981
750
365
289
1382
1627
5
462
1712
1223
189
545
251
973
1554
670
804
347
1846
814
18
1476
1143
1828
297
1542
699
31
1735
224
1889
1032
1717
1120
1434
511
382
559
770
1394
1823
562
559
659
330
835
730
864
961
1700
1842
970
816
552
1241
83
171
1312
1982
1127
211
1163
951
1765
47
1603
1011
1792
1023
706
664
1718
970
1671
552
1582
513
1684
1575
247
1641
592
549
1555
616
686
1266
538
1515
1636
262
174
754
275
184
877
1062
142
1710
1630
234
227
1580
1631
744
1033
1586
505
690
502
862
1130
1969
252
1864
1238
1000
603
1932
1212
21
34
614
1848
529
686
1088
659
1431
319
312
1866
1899
1696
849
1301
163
751
1890
1997
78
1261
1129
1037
66
846
1362
1718
1622
733
1643
1792
1114
703
1107
1638
1611
531
1611
908
841
1035
830
205
1205
1145
1956
661
553
1878
1520
973
507
584
145
212
444
1272
1690
1182
830
136
686
456
1015
151
1825
552
494
805
1745
1319
883
330
1606
1510
462
390
1984
1455
617
866
539
212
876
1105
1058
1000
1320
932
1173
357
742
1722
71
181
1134
909
399
532
960
1208
1082
667
348
750
782
106
260
1119
266
1308
712
1217
1486
234
625
593
1004
261
1330
1530
1407
1953
1705
1825
1472
1748
1573
887
265
1423
1757
1168
1162
1078
1507
1777
819
1173
580
662
499
901
238
221
190
327
81
1091
454
1683
708
183
498
1321
271
299
83
1117
322
1404
657
207
399
943
589
398
876
422
202
1840
318
298
682
842
1315
1693
1195
1097
270
839
657
1781
1153
1595
1909
1380
435
176
1034
510
1755
1058
860
165
1468
5
885
1690
207
480
955
1383
1254
762
749
771
1627
1202
1085
938
1160
1237
697
1803
1729
1036
919
1847
1462
1699
864
1178
742
930
1703
471
782
1132
271
1271
614
857
1522
1534
1519
201
1113
1561
657
1234
1923
1007
610
260
1947
1639
1545
863
109
1603
432
927
259
1176
29
1194
412
1063
1356
1813
1312
853
455
1552
382
534
306
1223
1985
224
1543
836
1858
355
476
1717
625
1828
304
1041
1779
1875
263
1384
946
1130
631
1753
913
1532
1181
612
527
1950
920
1457
388
1956
899
1943
641
103
305
821
333
7
1509
792
321
1529
89
241
742
1041
226
203
489
426
822
1537
430
1034
895
790
403
578
702
96
1888
1843
214
430
1175
521
353
1865
371
536
311
1819
1557
727
973
252
826
1689
1778
866
1360
1109
802
722
2000
1485
1502
596
77
304
993
1519
1578
1269
1807
430
1513
1287
152
141
777
1074
1923
634
1380
1188
1997
518
166
679
515
46
34
420
534
884
261
567
65
291
588
1258
1069
9
1316
1083
1628
425
1725
465
877
502
1447
765
1759
1399
867
1757
1771
1683
334
1891
604
235
310
95
1494
1717
252
438
1811
1512
116
1561
739
1293
901
1819
1495
1300
254
247
1303
1682
1152
1289
1733
149
1390
430
675
213
378
899
836
868
435
1729
182
1364
1039
585
434
1982
1455
1661
951
143
308
229
1652
631
138
1673
423
73
201
1624
382
996
560
1672
1606
1868
1331
444
1388
1374
614
446
6
1684
1511
1523
337
1876
780
1010
1446
337
1066
111
1745
917
109
403
1211
1384
615
619
85
1706
1299
1689
246
350
293
1651
659
1678
1243
107
1957
489
1609
1219
1621
383
829
1588
728
1105
1872
1260
1349
1994
317
254
241
1106
743
1007
230
1166
1586
134
227
418
646
613
892
0
1921
1164
1367
65
31
1578
1244
1678
1601
1727
1138
156
305
890
1775
1477
582
888
1932
946
1699
46
20
1342
277
1461
1241
788
930
1734
1602
1009
1566
272
940
175
1260
928
861
419
1438
398
1738
1415
1810
790
947
819
299
1394
1291
87
237
1342
129
1539
1798
127
573
548
920
1774
1527
474
401
71
1346
949
1018
1663
1499
190
1007
1558
1059
143
369
1007
1232
1550
1876
651
1426
900
62
1810
1937
891
981
1187
561
1575
1910
942
357
803
1435
1783
1841
546
1202
1949
725
1913
1964
1798
688
333
889
1070
959
1071
1130
474
20
1576
1838
413
955
676
116
1145
6
309
582
1014
1985
434
67
41
1125
335
1413
558
582
1391
457
1878
807
1209
1770
753
465
1653
1605
266
33
59
1752
1838
242
1993
1927
24
1654
514
1109
828
1098
415
436
1119
1239
1128
361
1824
817
1417
936
1689
1468
1770
459
334
725
507
179
1516
727
1838
40
1988
1115
1084
1089
1066
220
345
817
1456
695
1381
1411
1426
1816
126
1129
1830
1602
348
1869
1041
1917
876
336
938
1079
1806
1376
1341
1809
1177
1406
729
1505
1729
1145
1196
1347
665
1684
1110
572
490
1008
1005
1077
1028
349
625
1899
103
1508
1999
850
1898
651
1877
630
962
903
582
1338
76
102
1984
1255
1624
1646
656
4
1679
1838
732
1967
32
244
132
697
673
432
412
1251
1794
343
782
481
1551
1726
780
1514
1237
1595
683
118
1109
12
1437
120
25
1411
640
1432
601
1102
552
1676
1721
648
782
1741
184
126
959
1767
560
351
1349
1921
1079
1707
1483
941
1430
732
1220
430
1891
977
1266
453
1817
119
1664
1583
1106
729
990
1268
1859
1382
1683
120
88
195
831
1374
1613
1134
261
1730
1681
1944
602
1705
1371
1577
1287
857
402
333
901
1540
1177
1359
110
384
1945
556
1813
912
1476
936
603
187
1848
704
1827
340
283
643
391
293
443
445
459
377
227
418
548
1199
858
519
633
639
896
1924
1103
1505
1602
477
1402
1237
1795
1832
1777
728
1046
872
1205
1183
1169
895
47
65
13
793
1765
1617
767
1474
1721
597
392
243
1933
1644
736
1386
1532
1583
532
930
204
1073
1647
1537
91
459
1721
257
1890
900
535
254
1641
1111
918
1158
1741
1963
1737
592
1505
1923
677
270
895
788
859
407
825
383
704
83
1272
327
856
377
750
410
1884
678
63
1968
1323
347
1795
824
445
1965
1421
1632
1144
1530
1833
1973
1252
804
1884
371
121
1683
452
1595
471
464
1519
1079
331
655
11
1553
74
1816
1311
1189
98
522
1978
1040
370
1612
969
1185
1450
962
66
539
535
467
1808
1020
415
149
1308
1366
1427
989
23
1484
791
392
726
483
1011
1111
199
1333
885
509
898
392
336
579
753
762
1838
920
1644
186
1005
430
542
1622
406
9
526
463
1285
784
993
1831
1355
1158
1171
1489
339
489
1247
337
343
930
361
1487
1736
1183
202
406
398
575
1911
923
1418
68
236
1712
675
1112
295
527
1145
445
146
162
1071
105
79
1871
239
1126
1369
290
814
75
916
1511
1065
17
1326
1368
1336
288
1820
1855
1959
1895
632
1835
491
1161
1250
622
1209
905
391
1626
1456
1195
1952
1779
990
598
71
820
957
1747
464
62
1907
1839
1013
788
160
824
1147
742
814
1127
108
538
868
1978
1885
1897
687
988
230
1942
257
771
552
559
52
1496
727
1273
390
540
169
1006
1593
433
1727
1247
1403
360
1480
137
1980
708
784
1130
1815
279
670
1722
1857
1513
1851
756
1402
1959
1522
1209
916
316
795
1995
913
337
831
82
1675
751
1617
1131
625
303
591
787
1159
1525
1634
1079
1253
1820
550
828
324
1480
1344
1915
81
281
141
1786
145
1277
1504
1089
1668
1359
481
83
669
218
1283
42
977
791
1529
218
1981
544
452
721
1292
1360
1711
1254
312
1691
491
357
1166
1514
294
251
1548
1717
482
112
639
272
828
1493
1698
942
819
1597
730
828
1678
144
75
1398
1935
1743
1998
975
1657
778
1825
365
44
42
1985
1422
1515
1979
746
1666
596
400
1788
1504
1980
935
1739
1627
1777
1360
1515
1110
1097
844
796
455
853
1700
1036
1741
277
1901
45
759
1933
930
1482
218
764
412
1559
21
1149
327
1146
657
386
1902
1704
221
229
1167
1158
1344
1828
179
1733
1151
1164
208
1075
1399
489
481
33
881
1677
162
349
1069
294
429
343
1906
626
605
1614
993
1602
1739
1763
813
328
696
1923
1217
394
1588
1399
1396
382
1784
1236
1984
910
1895
1920
500
1936
272
1731
1010
457
550
1685
276
692
1857
477
627
1564
989
1253
1699
1804
229
1153
333
1349
874
1672
816
1457
1168
1481
1706
1746
598
826
1469
317
364
1235
1309
1564
1063
1208
950
179
466
1199
996
1204
1863
1036
1946
730
1165
100
1518
294
365
1898
39
578
1499
1300
796
1798
725
222
790
511
1242
302
449
568
1180
1761
1993
1682
628
1697
1848
429
968
507
591
1101
1362
857
357
1484
1647
1361
741
618
720
1791
1474
313
975
578
1984
1463
1591
41
866
428
1320
252
761
1786
1331
1385
1958
1965
295
1243
1550
599
1637
1100
582
1294
616
172
1246
1502
491
1098
916
1521
1805
1367
1797
409
904
1777
1393
1955
153
534
1359
1274
738
491
544
767
616
1439
72
1794
691
924
945
1795
897
979
1161
1171
1812
159
1870
780
1909
1331
115
1873
494
1872
1591
623
1490
217
709
693
1691
1836
996
1149
1983
1645
18
502
194
1793
24
1084
988
548
737
759
918
1449
27
683
1232
1662
602
1415
1525
224
901
731
664
59
337
1007
1017
850
1861
1315
1053
903
1143
1755
704
1625
1975
546
752
1281
1120
935
133
678
621
1646
0
1858
1229
1717
419
1277
508
633
1722
64
25
176
395
1270
964
529
806
1046
316
1150
63
1657
1523
976
1693
942
1771
1932
1068
1469
1653
1139
703
121
98
1752
1582
256
1330
902
266
86
1747
1834
801
970
752
852
1826
995
798
455
130
559
752
261
1651
1841
1449
954
471
1910
183
355
1898
684
1191
270
575
7
1228
1974
1478
1711
197
378
204
1815
100
14
928
1378
429
1162
695
1953
21
290
1780
127
1299
53
1759
1386
258
616
798
1268
640
1931
721
1972
878
778
893
747
1148
1952
581
475
917
297
1989
1507
1096
657
1234
458
1279
892
945
398
479
1057
680
838
53
1704
1192
125
1693
1023
1285
1453
1430
885
1830
1475
165
1589
115
1224
1403
1680
1378
205
1403
385
825
1990
1999
886
1523
633
1700
1642
417
1028
59
1747
1410
1643
433
997
603
756
277
1202
735
723
1337
839
378
1523
810
295
900
331
1026
1603
1614
1256
1252
1579
1513
685
206
90
183
1376
95
1424
1401
1949
551
1488
1414
1792
1550
994
1297
1337
666
1977
1574
1860
1798
1569
1847
872
1864
1562
743
1170
486
1944
1731
1803
1232
1268
781
63
400
1674
1489
1000
891
540
1987
1241
976
1463
394
345
995
1767
1370
341
1727
21
1860
615
804
161
663
479
928
1959
248
965
561
1575
346
1800
605
7
599
97
882
221
1002
326
355
977
1631
1826
338
99
1401
1275
1760
483
1916
80
391
88
1028
1302
321
283
1825
480
375
985
1505
1521
1185
1476
441
1285
258
922
934
1398
1736
1928
1922
1856
1082
181
1894
1168
1260
1215
1392
1160
1198
1148
289
462
428
569
1561
782
114
1351
617
221
317
932
1294
512
754
528
801
1597
1221
507
660
582
1931
1881
201
253
1476
142
1302
920
1898
762
1745
957
978
1574
1225
853
11
1179
1539
437
1222
1294
106
520
392
1792
1616
186
1244
1525
1064
104
1298
462
700
911
157
347
1825
746
660
1975
309
1813
1135
93
1100
754
799
1841
870
489
1159
137
332
1357
1946
671
1877
1360
236
253
1138
65
520
1200
1674
1394
86
1760
735
729
1220
1918
1209
1215
204
1702
828
1321
1400
610
226
1647
399
474
1964
1255
1078
1377
1784
346
590
1368
1374
1086
1798
157
1584
1232
1245
1629
402
1025
1178
801
601
377
460
216
1430
931
1456
1440
1506
1158
1235
1820
867
752
1276
1573
1135
1075
1406
1083
705
1496
1421
1747
7
1051
173
1428
1853
439
365
847
431
1295
504
776
1082
59
1911
400
1623
1089
1845
1492
1299
851
1107
1893
202
1605
590
1147
1923
1835
119
910
1920
226
1251
194
69
1813
1492
435
540
1025
793
299
1363
499
1305
16
1064
338
1768
1965
255
118
1953
1673
351
819
1256
132
645
1389
785
1052
1023
1256
1549
1241
788
71
1944
857
197
1029
522
44
651
676
1152
1464
1326
184
1012
443
1703
1390
1185
949
417
1755
855
85
1729
1370
1558
610
923
503
1717
1351
1022
566
99
265
1025
1105
720
596
1327
1288
1495
1385
1472
415
1160
1401
442
1483
1790
170
840
1388
68
260
1650
296
95
478
1170
1402
625
1930
578
329
742
226
1660
1462
397
935
471
1729
532
1896
113
841
42
1468
156
651
1342
470
1855
1562
1905
1555
645
796
242
769
399
140
450
366
421
1959
1265
443
969
987
393
688
515
1786
1830
1337
628
1245
279
406
277
94
277
1493
1028
1710
1437
747
354
143
790
1585
1951
490
1721
1080
1510
1733
92
336
571
1288
1397
1023
1483
604
135
627
347
771
295
1575
267
342
518
47
734
209
937
377
1509
1332
587
1718
527
1722
1861
461
388
145
1213
701
1280
512
1422
1139
792
701
1470
890
1881
784
1590
985
1306
99
1884
811
1607
1997
705
1930
1305
1401
1944
72
539
1457
560
1394
1032
1090
1574
559
1809
382
307
1438
1908
1767
355
1713
1797
626
301
1523
472
1318
1229
1917
243
539
1794
1992
729
1127
856
1433
1297
983
1821
459
945
812
644
1574
794
1327
1355
390
1397
95
1044
1907
846
906
998
266
900
1026
767
1648
795
1640
146
1326
642
1203
1320
878
183
134
81
1524
719
761
489
857
1740
1273
401
956
1528
33
532
1414
1684
1016
1777
800
1149
359
993
1178
1738
1770
766
1072
219
1435
1172
368
1596
1228
1728
712
456
3
147
1386
1065
596
872
882
818
267
634
1239
1051
1336
973
1840
1762
992
588
1431
1186
1438
1592
1669
1176
608
1685
899
1033
1358
178
795
851
697
469
618
1346
373
940
1915
1616
1291
1435
1615
1274
610
1446
1964
235
1372
1235
762
95
548
1892
1122
1958
467
1595
310
678
1385
405
1292
1234
1715
1671
1327
1224
178
376
70
410
1876
998
962
1491
1612
245
288
651
486
1374
267
1351
848
1524
1789
1695
1318
1819
642
67
902
1553
395
1721
818
426
832
1528
755
1404
694
1541
1121
508
874
689
950
151
1952
333
340
128
1939
570
1409
1631
832
1109
1889
1527
1657
503
385
177
277
352
647
1209
1079
679
235
620
615
204
858
1486
368
178
280
1535
603
1754
1859
960
553
795
414
1862
822
470
822
66
1006
1817
370
1957
847
1083
737
1019
831
1336
1956
1366
1214
1294
1807
1580
1913
269
922
1874
1711
372
1678
878
1017
1854
1021
250
452
1467
840
854
1607
643
1604
340
1573
343
1318
1901
309
270
1259
696
125
1650
1222
1029
820
1771
35
1769
1485
735
1960
1848
140
113
720
1350
200
1226
1521
777
17
1079
1718
1180
1432
397
295
1448
673
1667
115
55
1144
982
523
942
1795
1287
1761
1236
177
115
1758
1545
1169
1506
1958
1875
235
218
942
1388
1769
800
824
244
314
1506
1677
1925
1249
992
826
312
1835
1783
106
1595
1142
606
1858
471
230
1287
1915
1494
363
1286
789
921
173
578
1902
1746
630
587
1216
625
1227
621
911
802
1448
211
1368
1584
641
37
1338
979
575
255
179
1453
630
191
1673
1183
1752
708
230
666
641
1899
1804
1208
1881
948
412
293
1937
1853
262
1361
888
311
1959
1861
1651
1844
1469
917
104
1271
1668
1517
1906
236
353
663
1984
963
1873
78
1124
1801
872
907
1077
1242
1639
244
1758
1178
1388
347
51
569
606
1828
960
107
25
284
447
256
1038
1662
915
955
1895
271
1457
1163
1506
297
887
675
1699
865
1568
1352
942
139
1758
1837
188
445
121
407
518
1880
564
31
1478
1849
1024
695
1728
1603
711
1438
1574
564
1162
1928
441
1258
230
80
324
239
385
1042
911
1072
528
1057
1568
1959
1780
821
358
1820
1968
400
1364
158
1865
1559
1082
1559
661
1618
611
836
646
842
1453
1658
1148
734
1739
1554
1905
1125
440
780
45
1204
1802
1761
1502
18
1163
309
1384
401
480
1926
1549
1967
848
799
1050
1199
101
1849
1145
1947
1459
1171
961
1123
873
1172
1986
1442
210
1530
1858
1208
1458
500
312
1551
923
635
806
1478
86
1529
493
1370
1975
1121
1905
556
1409
919
1305
1827
1095
579
328
504
1072
1540
135
652
172
581
513
704
1329
572
617
1841
1305
770
1690
689
628
1889
156
1568
340
1921
488
1948
586
784
491
230
1778
1324
1107
1981
1445
1292
1066
1453
754
1139
257
622
1443
1131
881
1159
703
1703
487
542
1905
1304
1296
503
753
783
1922
675
1878
592
1314
1094
1601
1068
600
1570
1152
116
300
1520
335
323
348
149
160
1271
1400
1508
1541
320
1578
1263
1359
1804
39
1226
83
560
1368
985
1750
70
294
1307
191
1704
452
1374
808
1642
620
861
1626
1519
1370
1223
904
1781
921
847
1617
493
409
1810
391
1335
1064
793
1818
390
1727
1453
1621
1389
978
1515
127
1384
1812
873
829
1705
574
59
1228
1206
137
192
1306
1284
271
1173
131
1262
1321
593
788
1574
1611
762
1072
1393
483
1395
1734
334
1983
344
1843
618
715
132
909
612
134
1320
63
1706
1559
1577
959
79
826
265
759
896
480
489
105
1453
774
455
961
842
1475
1974
92
1402
40
215
281
743
1571
910
768
764
1446
289
1497
53
1787
874
1781
820
1788
305
1640
600
1295
933
1053
929
1392
598
1580
1895
1267
14
689
1276
1538
102
799
266
307
1990
602
1074
1130
426
1666
1558
270
684
671
1236
1027
364
386
843
1199
102
904
1291
1778
1255
1781
1140
539
661
1713
262
1743
106
789
715
834
247
741
492
1507
66
1936
1999
1759
652
571
1709
754
1026
728
1093
302
340
456
1778
1441
1594
587
802
834
986
67
1056
1659
1836
617
351
1084
723
495
936
387
521
1852
1123
584
1447
1057
847
412
424
316
1952
1013
1295
767
1254
453
350
1193
1894
1909
611
480
761
1103
745
411
1178
1440
458
48
1872
656
657
846
1427
980
1298
1894
1630
1644
928
550
1478
1857
1041
667
1277
1528
1332
309
1911
1684
1661
532
186
571
333
1727
1166
621
1941
1467
367
827
262
1777
1764
383
1405
1403
966
70
1706
394
1198
420
492
1309
518
1063
1259
1578
12
1437
596
290
147
263
235
625
590
21
418
1614
833
1882
288
1939
1879
770
1444
456
1544
1815
1076
342
628
1945
810
1567
1268
1748
981
1658
965
243
459
901
333
1093
1814
1483
1385
614
0
1507
1741
318
1067
1560
1037
1378
1045
1420
1069
274
183
592
950
168
3
1184
1033
1292
1667
718
934
1462
793
1999
1548
304
1287
915
422
174
532
1226
1430
1082
83
1865
355
1058
1075
1617
1728
1925
1853
1522
1979
482
1057
433
1553
1806
1642
31
988
1326
1296
1585
477
536
1852
1539
987
946
1228
93
443
1330
1792
921
1444
1913
1772
925
1530
1338
1130
1996
1316
1944
84
641
73
592
785
1000
167
335
307
1483
2000
1218
966
328
646
1215
877
984
22
1307
332
363
35
591
1732
578
528
1051
594
1429
791
447
1573
328
163
183
569
568
541
486
777
508
1871
1634
512
792
118
1477
1094
1346
1180
879
1598
899
1334
1436
293
430
1224
1114
1827
469
834
51
591
601
1356
1327
1817
1459
1554
667
34
376
268
494
1020
19
1828
581
1587
871
570
257
1401
1503
209
967
1800
1877
1707
1497
390
1862
1555
1339
1511
298
160
853
490
1076
1730
1844
484
373
1504
926
867
1060
1608
1178
1638
1877
839
1674
1750
1751
1496
1176
864
1249
629
1562
1509
373
127
272
876
1813
883
1163
1639
1600
886
1878
1038
1786
880
751
1658
1314
1351
905
1389
373
189
1767
1158
348
693
873
1030
1272
1000
1733
564
1992
1333
56
1932
342
1279
1660
494
1687
1347
994
283
1885
487
802
1727
1334
176
931
1504
1839
725
837
246
119
521
999
1165
1280
687
1523
579
1037
1920
62
672
1490
762
1813
1064
1575
1765
475
447
1453
1889
1567
423
158
204
632
1530
584
1645
1445
1010
1002
309
341
1533
1428
1082
249
1660
321
1237
741
1108
811
1338
1642
1404
1094
1350
1231
1101
1435
1661
1740
1457
1936
1030
1403
1314
741
1766
1615
9
854
752
365
1827
1242
1398
1851
78
841
741
1999
908
942
789
1836
919
239
1046
1595
951
996
923
1821
1783
971
152
1521
490
841
182
714
359
547
1252
592
1667
1233
545
207
310
1406
1131
801
103
232
1945
711
200
1891
1203
667
347
855
1345
425
760
1124
1641
591
1602
71
1266
924
1520
1537
1368
1090
1640
888
1289
521
851
812
1654
1083
1006
445
268
34
1074
1100
637
1698
928
1772
70
490
1184
1322
490
1573
1479
601
1692
146
539
1275
1772
1298
1134
1568
321
1932
691
923
1969
563
205
1557
688
212
1273
312
277
742
862
753
1600
898
462
595
1859
938
1741
986
1954
1295
1349
962
137
912
1090
158
93
82
1333
296
1812
350
390
262
400
1097
1040
1549
590
517
1616
647
987
1349
1583
1189
504
1384
1125
1060
1473
167
1371
1914
201
419
1110
521
1460
740
433
1180
1514
1275
1965
1052
620
83
1762
386
1671
1361
465
1106
1174
1871
635
896
1490
1336
882
914
1862
1635
1316
1472
1808
1136
899
1774
823
1193
650
78
661
237
423
1685
1331
1320
1509
1997
85
602
378
600
1849
1733
1978
61
654
1470
643
304
1277
1269
1098
1005
1682
408
451
1793
1586
1053
1153
1566
1165
1900
489
714
116
756
1063
648
1555
865
1430
93
33
972
1604
940
1577
1891
594
919
1590
1394
19
538
1512
180
1138
1566
149
643
20
1289
1412
643
214
633
907
572
1930
810
1807
679
639
1641
1656
785
478
1478
732
1825
1541
1806
1922
843
748
1140
1938
1894
1688
113
1860
719
637
1546
1256
142
1298
675
1831
700
1737
674
1432
653
107
764
367
1286
956
603
736
691
720
994
787
1178
407
1645
1493
1385
1519
770
1178
967
172
1767
1230
1260
1621
1008
1535
1643
561
1377
1240
768
1956
746
1821
803
474
1199
1871
942
1431
1481
891
1870
976
1453
1693
1994
312
939
103
1461
1342
322
1625
1643
853
487
1326
362
1133
1438
880
1765
1925
792
776
1894
1258
708
1626
1721
823
1838
1811
63
126
15
1400
1129
1623
120
994
1862
818
152
515
169
1669
1614
1831
550
516
71
917
542
1026
1113
1954
300
728
854
1680
1102
867
794
1095
1919
1962
1635
68
1347
1032
1734
46
2000
1699
1954
616
1549
1003
1006
123
204
1579
1238
1801
1198
200
489
979
1127
1353
1512
1130
1638
945
1636
153
1169
728
1865
64
965
200
345
1904
705
1886
1952
542
387
558
1607
1186
1347
1545
58
1458
1253
1414
576
1221
389
848
51
1220
639
355
238
1269
1142
269
1666
759
1426
190
805
1532
765
465
982
1711
1514
1808
1628
1767
1149
471
1235
1309
333
1098
1065
1040
342
1445
1678
871
832
330
1765
1049
1483
879
1530
732
321
999
1777
1852
1867
1121
59
1515
1492
274
630
302
1887
1629
1287
145
968
198
1537
1236
256
758
136
554
1687
713
88
1661
724
1598
512
473
1910
886
8
1824
75
975
282
441
612
1996
632
732
1146
974
1914
1094
1499
557
1385
587
90
987
759
1954
1492
1604
1351
328
381
49
551
418
327
1808
1614
387
446
622
705
1955
16
1158
947
1879
202
494
1204
1405
138
24
1085
1058
1333
1749
397
1639
295
427
111
308
1492
504
1924
179
1783
663
844
1803
1616
435
437
1442
1097
1034
702
1632
1605
589
1213
1078
1665
200
1276
1585
1063
345
107
335
1948
351
498
1176
1751
1057
492
1554
675
1398
635
1589
1123
1253
843
1008
1560
348
762
1395
1821
375
1044
1319
1693
1001
1854
1882
405
1751
409
1481
685
302
1559
21
77
1375
1882
1083
146
1121
1420
1194
1789
417
836
544
124
631
1142
547
1958
1117
670
1698
1459
24
862
522
249
1179
1464
1804
674
1790
215
1383
1048
1537
166
96
1657
494
1069
574
1894
697
1630
746
1141
594
1407
1161
1538
1619
492
1975
235
904
1253
82
80
244
284
1025
589
576
1034
351
888
658
195
1229
1066
755
759
186
1268
1885
26
284
1294
1815
1492
203
1180
528
328
930
1105
1320
1405
1333
1068
1308
1771
1757
437
905
1411
254
377
348
1790
703
557
1435
838
665
554
1808
392
1837
1730
1831
210
574
584
700
193
1086
311
95
12
1655
81
1320
1133
372
1183
159
1469
916
529
778
1307
633
637
96
613
885
1731
1215
164
954
81
1096
258
1846
399
1502
1757
1506
1322
1348
1510
1885
1682
476
1061
1220
1256
2000
952
1189
270
1482
153
1990
351
1744
1745
532
993
1569
1210
964
490
1092
1845
867
1164
1901
902
1215
1567
221
1536
1632
1128
397
1189
270
166
597
1403
1024
1555
1275
1744
199
221
1375
1770
180
746
1310
1570
452
1824
1067
546
1392
1354
1646
327
666
1128
269
1731
6
1586
299
1402
930
800
382
917
1896
1812
1860
527
275
1485
343
918
1308
340
230
544
626
1282
662
1889
750
1520
138
341
720
1323
309
324
1754
1338
1755
705
1945
919
1866
1368
6
1606
1912
1467
1570
1092
1247
1982
1872
161
273
1048
1242
885
182
1836
641
14
962
499
1343
869
373
881
1409
733
1457
1547
1485
1496
774
1416
1719
567
1110
88
624
557
1024
911
1541
1198
282
1158
468
54
250
923
1271
245
1735
104
1824
711
1517
1342
1228
1676
36
1320
759
1935
1219
103
1054
210
1053
1663
200
807
1286
12
153
697
1361
1790
412
1647
687
174
190
632
701
1617
415
39
127
466
667
706
1888
1023
1733
288
1770
167
523
269
1748
733
1222
1258
477
1556
725
1065
1464
536
101
1351
1785
1863
544
1605
376
1351
189
1735
227
643
1788
1161
1455
1464
265
1572
1175
599
1745
150
1163
478
175
441
665
557
838
892
488
1400
570
236
1584
1424
1335
930
1951
631
1154
390
46
74
712
1925
1967
1092
1016
273
1802
1355
446
1499
1899
1938
1453
1096
896
676
81
1123
266
188
114
1554
1956
1088
738
1932
83
1176
1620
1803
1086
1007
539
528
162
268
674
1093
1885
1088
6
609
1731
1264
1483
1971
49
1980
743
67
1566
1263
32
1391
254
780
34
1248
783
1718
588
49
350
841
652
1688
1724
25
599
1963
980
1906
91
1478
1643
1727
1874
1219
302
85
428
724
84
1700
683
800
1448
1401
1051
1176
1216
1391
148
1844
728
1569
531
1363
1053
1489
1345
74
336
713
1866
1017
978
547
1544
1776
1111
981
870
979
641
1173
383
433
1694
1610
1126
1967
429
1246
155
1605
882
1944
859
1732
1542
1252
999
921
682
39
1075
1673
1564
1643
687
492
430
1954
972
515
943
1425
1499
1991
305
1598
1434
661
336
1790
654
1176
1428
1482
1006
1726
1245
1537
1962
1522
685
1888
861
1398
123
1505
150
880
1577
314
1322
865
1701
1276
803
67
1199
1561
1789
625
1323
1287
865
143
1443
923
311
926
1681
308
691
521
267
1181
374
799
1743
121
400
197
416
467
1111
1422
749
477
50
1454
1863
848
1581
1149
1148
1416
1165
291
1515
1329
165
1042
1447
491
1286
1602
45
1141
669
876
897
730
1679
158
1962
1807
1323
884
402
1975
200
629
779
509
1126
1420
192
695
981
1688
497
967
776
1171
1388
307
1640
1164
433
875
1216
267
466
822
1287
711
975
708
1911
1963
942
762
1114
1976
1069
455
1521
783
719
439
641
1729
866
42
688
1814
1626
1725
1426
256
1682
1108
776
1757
1743
1374
1546
1751
1043
460
1548
1298
1778
230
323
1286
386
927
3
1469
393
138
1110
387
461
1825
1079
629
692
1090
1518
470
237
1779
1031
1460
94
549
1407
425
174
703
1891
1836
911
1599
638
177
1415
212
1338
297
1805
1805
1942
55
652
402
1834
409
968
434
1132
140
1636
1375
1765
1528
450
22
200
1570
1641
1177
466
1354
1575
1863
1373
708
1546
1598
791
1358
381
1516
1957
554
901
1461
1524
443
83
1559
1482
1561
1026
1136
624
1023
61
682
1348
1249
1502
678
96
1774
1153
448
120
64
1985
40
325
1605
1140
158
136
47
1686
1813
1056
350
19
1140
1047
1667
1
28
341
1348
1263
368
181
1701
235
566
1654
548
940
1360
417
916
543
1568
878
941
441
70
122
99
430
1588
1003
594
817
124
1547
1403
695
1919
789
612
1430
881
650
1685
62
112
1857
230
375
862
1703
1248
1163
508
338
686
855
1689
1609
147
1150
59
1295
15
967
1073
723
1016
1369
1628
371
1747
1597
635
1024
25
410
630
1418
1645
537
227
1334
1135
557
742
1646
180
1984
426
1218
1863
1732
1957
961
567
593
1067
363
1243
500
1049
195
1208
1816
1206
370
234
791
338
621
42
694
286
1427
1396
1637
1693
794
501
1792
1937
202
1516
1405
1365
830
1055
78
619
1823
508
650
638
1381
766
1194
877
1397
1776
612
1378
1775
41
1116
1302
1821
1986
1099
1962
1394
892
281
228
911
1102
1424
810
807
942
914
1067
733
1972
261
624
1081
744
1486
1656
785
1718
1101
22
494
291
580
1498
1461
1093
1437
182
1
633
1217
1909
1332
746
102
1987
345
130
1843
1387
391
520
871
1920
586
1327
195
1619
1074
1813
65
684
6
1057
272
242
345
404
822
1708
154
160
1698
1611
1144
1004
880
1395
1113
1543
919
1125
226
1393
1894
992
1428
433
349
25
1762
309
851
589
2
965
1379
472
337
1697
1316
1657
301
926
414
1085
1050
723
1191
484
1297
1096
601
963
1985
359
252
185
414
1508
1653
553
50
711
1929
1190
254
1294
1601
1094
1106
1249
1641
408
1814
854
1240
950
609
21
1195
426
800
1593
69
465
1899
766
397
844
1565
737
769
1936
643
1867
593
367
1225
1980
93
1588
458
309
1138
1034
680
1301
735
170
1314
625
407
1394
318
438
1361
923
1427
1724
1283
309
54
7
547
1036
764
146
1911
1228
1522
1941
1129
309
954
136
865
884
1130
1059
752
1084
1747
937
1744
660
206
110
149
1691
382
1218
1774
1405
1966
612
599
1089
526
1162
1049
484
1269
904
1255
770
1035
520
697
1030
1022
1031
1987
1050
110
1389
1403
1837
1475
1451
1891
1415
903
1985
1325
1927
1718
253
58
1505
1986
282
846
1093
190
1788
157
1328
73
1642
164
78
571
678
365
1032
1919
1121
143
1289
1413
1151
1857
1893
1750
457
1091
251
911
1556
847
1172
1229
1107
63
889
611
1475
1303
704
763
54
601
684
1839
1663
1277
926
925
801
12
140
661
1900
1588
1101
43
1276
250
1538
870
1350
842
1746
1682
1885
332
1767
1712
682
193
1016
1016
1578
1591
193
813
511
918
1015
1649
1856
966
1705
945
957
477
207
529
914
1171
1543
1060
526
1686
426
1041
27
1258
1453
499
1612
1052
902
1530
735
1535
503
906
419
245
1121
807
1164
29
1386
1059
1236
242
744
1748
389
992
1621
405
1737
646
780
1849
610
1970
1356
308
1182
980
1415
1604
1054
859
1361
1589
265
866
939
690
1097
659
488
653
1659
1002
1146
1709
1141
70
1259
978
1623
1381
1469
368
437
1890
402
963
1417
906
986
1969
1455
927
415
1104
667
1937
115
1796
879
1010
1391
60
325
588
267
1279
999
299
471
212
1612
386
485
1320
1576
762
833
1690
331
476
1010
1350
1697
1577
1352
287
750
1520
1984
1903
984
498
71
507
922
613
786
775
1521
1669
1694
568
1770
416
559
52
773
877
1371
1299
1090
930
1349
592
838
46
1887
1678
1826
287
1332
644
1621
928
1406
936
777
903
475
370
103
1520
126
641
128
193
1212
1239
1708
1578
262
852
44
1609
213
1107
1365
35
1459
1041
1548
1414
1067
313
342
1907
715
1179
1901
126
650
712
695
1247
1249
1700
149
1746
836
288
471
737
1027
1469
51
1912
1575
477
176
603
597
998
1119
21
732
1138
805
1197
1271
76
1219
1399
145
1209
1601
1588
148
1908
340
820
34
1810
197
1467
239
492
1300
857
1342
1357
1155
901
957
1698
1944
419
436
500
80
400
606
847
486
226
412
1353
1548
1284
1216
1747
287
1844
1907
1328
1364
99
893
1253
258
394
1966
1368
826
1045
1667
350
420
83
218
1230
733
1746
530
945
976
554
1760
440
252
1765
600
148
1266
1754
1568
1378
1185
307
1330
1063
1263
1686
1668
1676
909
984
560
1525
809
1827
493
1498
34
340
1617
1643
1726
897
1988
1612
662
1956
1767
1547
1853
1091
763
401
822
536
202
1183
113
416
158
979
337
1777
1965
711
615
486
1839
1444
1227
1940
597
116
1051
1331
1043
513
695
533
1317
764
1273
946
268
77
595
1511
1901
487
210
1758
257
1343
944
1995
892
1895
315
1340
26
739
1658
1392
659
1293
1197
225
1221
1644
1725
472
1664
571
1134
549
1706
769
847
1379
815
551
1409
1636
1879
588
331
842
1184
165
1738
804
128
778
616
1368
1440
710
1927
1288
141
308
1057
882
253
142
1803
1237
1531
875
39
1539
605
1719
1092
189
710
1820
1141
1843
362
1978
343
1622
76
893
1979
1161
1396
765
1128
813
1836
1255
1341
1779
1223
1341
1216
1422
1964
1396
257
424
1851
176
347
1514
208
632
537
1558
57
1262
1215
697
1768
255
1328
389
357
223
66
1070
512
396
312
932
1403
573
1400
1750
692
619
883
141
273
1949
201
836
733
1146
26
1550
63
1555
971
660
760
133
1483
1980
329
1871
1910
1264
1962
1329
986
1261
1605
1999
598
492
925
1985
1094
195
1046
390
1590
1948
1535
1757
1561
1310
1403
1918
146
1515
1962
1823
1673
551
338
1089
1150
777
124
1140
835
1382
1299
1922
579
1503
307
932
30
1391
1275
264
581
703
127
1157
582
633
1660
1290
1020
400
167
1651
386
108
1319
1823
1616
1780
489
1514
505
1011
106
1860
1662
1423
518
1938
1056
1563
703
1649
721
18
783
178
902
979
497
1521
590
734
1701
1412
623
894
1828
526
1006
229
1797
1579
989
1064
637
1310
1871
1890
1577
1083
1712
1854
1118
1123
1130
660
192
1374
1910
1624
595
675
853
1824
887
198
255
1866
861
1097
156
1037
839
256
719
1659
403
384
1887
1316
1255
1586
432
422
510
1491
1344
911
709
1000
1623
871
1421
1347
1730
1352
148
286
293
1853
1964
119
1018
402
1804
968
1693
465
910
980
1898
690
693
1516
859
1841
408
355
724
1607
811
864
1970
1190
1555
1194
622
1046
1614
1494
1564
1123
229
1606
1401
1933
629
310
959
1509
28
230
1876
694
649
967
1062
624
500
1499
1770
1260
472
820
1242
413
1617
1645
350
1980
1194
1066
484
325
851
973
1738
1561
1944
1460
407
1710
352
627
1077
258
809
650
1759
489
645
1126
376
528
24
1381
1941
1324
830
1492
667
680
805
1563
311
1358
1309
480
1676
1678
753
1687
216
554
1349
798
1712
1362
757
1862
1721
1436
1922
902
1336
1921
755
1871
650
637
237
455
1776
154
1076
1724
1523
548
1295
608
368
1147
90
943
1004
252
1634
1384
859
826
1650
1161
1792
1373
848
246
279
1959
30
477
1836
1318
277
1835
1759
1668
125
522
443
1706
1558
1320
1715
1767
598
706
1793
671
456
1664
1554
1304
937
770
706
310
123
427
941
261
1612
1749
989
101
135
892
829
1772
1768
415
116
1810
1603
1017
1167
1578
596
1332
1387
1492
477
1025
196
1820
606
524
711
929
673
1246
415
35
542
1260
1120
1014
710
374
781
58
1345
944
600
1131
1788
226
1837
1513
135
120
1232
1245
906
1433
804
267
1191
1085
400
872
1503
1242
1730
1598
1266
335
1311
1895
1093
1115
1875
532
774
1959
1183
1046
544
151
1153
274
1808
1872
1921
263
1367
1893
1402
68
1041
842
271
710
1986
1067
1481
778
524
42
89
1595
1871
1805
157
1411
481
130
1037
1652
1739
1629
858
207
564
1081
572
1934
1775
1151
1501
229
14
15
956
223
199
1202
553
1002
802
1663
508
476
338
539
1311
1505
352
139
818
1977
335
695
1966
202
941
1270
1711
1564
629
1717
1663
1998
980
804
246
1443
671
218
655
214
565
1258
1332
880
1872
528
857
564
1489
1450
59
1585
1900
844
266
1087
554
1630
957
1286
1966
128
1282
261
1436
1768
444
628
1220
1435
401
1894
1898
1048
645
1874
136
1422
1078
1172
1256
1559
1940
156
910
1055
1427
1553
1750
455
333
922
324
1711
1458
992
1633
118
1271
1685
1759
28
11
1252
910
1232
1360
1850
987
604
1914
88
218
78
1877
1879
1601
877
229
258
1792
338
735
532
1939
1067
248
1840
197
1565
315
1961
437
1970
331
1150
1672
1091
1657
613
1639
908
172
1759
1366
1563
1366
604
1131
1264
1908
0
1728
1087
1890
106
489
535
731
1436
1378
1429
1200
1338
1932
429
1181
1800
784
102
1946
95
1130
1092
691
279
1547
1472
712
286
1113
1165
147
928
522
43
1193
96
1720
1168
495
1875
1338
1008
358
1549
1506
908
1028
145
1334
161
1599
1458
926
1169
697
290
1423
1297
1771
1457
77
1189
664
1915
1709
692
245
1047
12
1031
504
1651
965
1227
344
1824
763
1166
489
682
1959
1659
1158
535
1502
459
1580
181
1236
900
1269
984
934
1678
662
1909
1202
1758
309
519
810
556
1267
1410
1655
1293
1889
1184
1944
638
1701
1936
1500
1604
950
899
1696
1302
1643
322
1462
1927
1330
468
58
504
648
480
1012
931
1404
799
321
1579
1751
93
1469
1570
622
840
1149
879
899
276
1435
1715
203
657
762
1097
1880
545
670
1101
536
1735
1335
1681
1781
245
939
49
919
1636
1058
1391
367
1501
940
1443
1476
1016
1483
903
1576
136
104
1034
1442
1564
1634
734
1511
270
805
696
1985
296
419
932
645
1951
567
1993
229
1082
1101
1003
439
575
1217
789
125
1453
137
1007
1927
1357
602
682
1915
1659
854
1354
1529
18
388
944
581
1234
1138
632
1863
1701
1248
786
948
17
931
515
1013
1531
1624
1201
1580
690
254
949
343
1876
1946
1707
355
101
1691
1226
1502
1125
1972
807
1496
1317
233
1569
1779
1127
1784
1622
1834
1964
563
1804
1811
1632
1288
1258
848
1351
290
1619
905
1595
1704
1270
479
1859
1897
561
1357
556
1751
52
879
716
958
215
1822
1016
1672
142
1280
1350
1405
1053
1176
1755
947
1191
1650
1362
11
1512
750
879
1454
1203
1049
1242
631
1040
1685
1947
1312
1798
258
1673
1107
1030
877
821
30
1632
404
1555
130
735
1697
1094
1908
297
284
985
1366
1565
72
1586
1321
807
562
1116
1354
220
668
1518
1228
27
403
943
1470
1800
1212
893
1056
1953
1656
1378
1597
1132
1588
1373
249
1933
974
1529
1179
881
1358
1215
1574
1629
1877
745
1220
486
1949
288
1666
328
872
1073
1247
1484
1378
543
1407
1336
1411
1090
784
650
1493
1054
605
1318
547
877
1606
78
286
1359
618
1539
1997
753
192
175
1538
1030
1948
581
1208
534
1130
640
1722
1110
1826
314
1857
760
723
557
906
53
112
1103
1798
278
926
1229
562
339
656
0
1444
1020
1117
512
1325
1351
9
680
1574
1706
1714
1610
1688
160
1054
500
1035
955
1428
651
111
799
1955
1753
509
394
700
84
296
21
1348
167
805
676
1318
1203
266
661
1333
984
1495
442
391
791
1676
1840
980
779
1300
331
792
1212
618
139
213
581
308
1777
682
1462
416
515
1568
546
1812
1015
1141
121
150
731
210
49
537
506
1455
1840
1934
1438
1092
1155
1123
1128
635
1082
1456
1529
1421
584
1854
553
734
787
1741
1607
475
882
1966
81
1532
590
1544
749
510
1698
981
704
451
48
1626
1048
418
1341
163
1256
1399
362
203
913
1065
1012
762
1592
1445
1652
61
133
273
453
601
541
186
1397
597
958
225
1677
519
1518
41
1105
1834
417
1289
1898
1229
1061
1693
474
311
172
725
1763
63
1427
65
593
212
117
1725
1606
275
624
828
390
685
1114
1692
542
1343
942
1592
522
573
1585
282
1417
1644
638
1506
892
513
381
514
1462
1499
1741
693
1322
47
1634
919
1609
301
22
551
206
1924
1090
416
504
1307
35
1220
1107
1736
1082
471
474
1722
157
519
1012
1128
200
135
98
777
1378
1554
1697
359
1853
670
1666
1336
1352
1603
1114
1139
957
395
1920
873
532
131
345
1942
599
1990
1718
1893
1333
1484
1670
1052
1658
117
1617
1627
237
3
638
1023
947
1083
980
205
673
1606
1357
1384
1821
557
32
344
1820
1019
537
1363
449
1847
1669
1711
1815
161
605
929
676
1760
1142
1300
634
699
1610
104
1933
259
899
38
1282
1593
1066
278
501
597
1929
100
721
1646
636
1820
1526
1727
1129
1674
1319
1051
779
1629
338
1861
443
694
118
1310
550
419
1181
1741
454
566
1442
346
1727
1536
539
566
1234
1416
1042
542
574
1548
1215
371
1438
722
1675
235
1290
972
1872
1212
1453
724
436
757
307
1911
1211
1261
1319
460
303
1556
1584
874
707
241
1745
252
1985
980
1329
1360
1608
831
1325
576
127
104
1019
785
1120
387
1503
943
292
1782
970
1402
1684
608
452
1685
963
1672
1070
451
1147
1043
419
1551
149
797
1841
1736
654
289
586
1601
1258
1429
1118
1336
387
20
1848
1048
868
1112
163
299
1792
1969
1711
1002
1243
1716
1353
1216
757
745
1948
1076
209
92
1879
1303
783
1654
1611
76
463
354
1908
1975
1555
175
310
494
637
763
6
1616
1963
1799
1484
1952
1646
1517
1827
681
852
669
638
1788
1403
1764
1489
1878
1031
6
772
940
672
1263
420
1520
680
1837
811
1624
1931
115
674
1857
1193
883
1955
48
409
1188
1403
324
1458
397
1858
240
1324
1101
468
950
560
680
696
1721
1095
1261
1019
40
171
564
1977
1221
1134
1414
349
739
1175
1780
879
482
1750
937
611
1120
634
699
1908
448
196
235
1618
1417
679
371
915
1707
1570
1448
1506
1997
140
41
401
1417
1132
1345
1067
1271
443
1000
558
51
513
1230
1978
130
1188
83
1336
411
1797
1474
1311
1000
1461
653
1578
711
506
1484
386
176
616
1387
161
726
1619
1369
1548
762
504
662
1068
1080
1866
1203
1983
553
1461
1440
583
98
1258
863
1117
1093
617
131
41
171
1023
1026
1825
773
1249
671
100
12
1641
451
866
1676
1071
1161
1304
210
285
535
1845
436
956
1783
542
116
111
38
602
930
806
1540
1162
980
695
1107
1170
881
1708
1176
1544
257
1890
1499
1797
1925
1101
1907
99
359
1672
623
1447
1255
52
449
407
852
679
1733
914
539
332
63
1136
1620
861
1839
712
1030
1872
189
1572
891
1664
1932
1365
634
1181
1051
1994
236
1260
659
573
209
151
754
769
716
847
378
225
183
376
922
1247
1471
1396
413
1447
41
1239
267
495
1619
1691
197
248
1720
1153
1030
1581
1044
1061
651
1783
297
121
891
1703
460
274
1034
515
1895
562
602
1674
1746
177
521
1920
1442
343
157
1071
144
884
523
1847
1795
923
1130
999
713
807
1502
1914
1504
1154
1803
1058
675
1151
1331
1961
485
803
716
1616
559
1035
924
1175
241
334
740
1472
624
172
693
36
1149
465
112
1489
1895
918
760
581
518
1250
1842
1060
134
1700
32
1072
1941
1691
909
995
837
1961
1152
1332
1691
1418
900
424
1122
515
1607
1427
396
1920
467
1115
686
129
1024
944
65
304
1143
1066
1801
407
1579
454
1877
1068
1198
1288
1060
400
1589
855
879
570
298
522
526
1994
742
721
778
461
1094
210
1469
1480
1961
1980
1729
697
877
370
68
360
278
1426
5
126
737
772
256
1115
206
1234
592
1089
533
1407
580
1285
1532
1521
658
104
1505
1792
899
1944
676
55
1971
1550
775
1570
1869
800
1419
698
1961
1562
1890
809
1629
1263
1878
1152
1448
183
291
862
805
1921
256
1040
1282
1019
129
266
894
912
1318
1785
1620
568
1229
1355
753
858
846
891
340
1415
953
1589
862
569
512
522
581
866
1052
453
388
1376
684
790
1178
1231
1313
508
897
598
414
1094
267
912
1541
659
1028
1033
68
906
1886
1746
1688
1571
582
529
442
1502
549
1
1723
94
452
1524
802
1262
836
778
1568
1672
1928
1849
706
698
1010
655
1566
859
1878
1698
1404
1197
634
583
102
120
1810
61
1486
1008
441
77
8
871
722
607
1918
703
1472
75
1
1771
1674
1287
948
1423
664
449
577
1726
1737
1219
1454
821
281
565
31
1151
1347
719
853
946
1168
1665
1966
1773
537
732
1984
1711
1938
1584
1045
405
1785
1649
716
20
774
263
339
1844
787
1193
1023
1397
1489
1074
265
1438
287
1330
714
1350
1901
995
660
868
147
1944
1246
1223
180
1832
76
701
662
469
848
759
674
626
1276
1807
1681
1391
1940
1129
1780
238
840
1407
488
239
1618
1074
1264
851
494
1441
1510
77
1207
466
605
93
877
1969
1556
962
958
649
1900
924
532
615
861
3
648
1918
735
1290
847
11
1979
9
181
547
389
1709
723
764
1951
550
1872
121
397
324
51
823
227
1937
1853
1761
1513
1252
331
450
1205
920
54
1737
1280
1084
1925
1340
275
668
777
1937
769
579
60
1570
1353
349
262
1011
1032
431
669
371
399
19
892
633
1442
974
1948
12
908
892
1058
726
200
97
1427
1490
1470
1094
1870
1607
498
182
1799
587
15
637
632
961
1981
1393
505
283
1885
791
1413
594
147
1774
1437
34
1953
1618
481
205
795
482
747
1112
1667
921
736
1178
1061
765
1544
1016
1696
1577
480
1555
97
828
351
797
566
912
417
453
1966
1600
795
1171
567
1553
1210
1375
437
1534
1497
1911
224
773
687
1780
799
1054
1820
1019
613
1295
1746
504
1108
1406
1027
337
1608
466
1626
1962
542
731
1882
797
1578
1382
1872
231
935
761
1029
362
1552
1001
552
824
1722
1771
1092
483
255
1718
860
737
356
306
1518
353
607
1678
1657
1607
528
83
532
1861
82
970
1793
265
1281
248
1518
628
1872
110
1392
953
1802
975
26
1451
1679
557
1403
789
641
1831
1935
539
1708
406
552
313
1341
863
1156
1447
180
1201
1237
289
1372
1709
1921
1929
1243
391
465
1102
1294
1303
667
945
291
833
197
1670
1534
1685
628
599
1613
1184
442
1047
1256
1377
1819
580
675
608
193
1575
656
375
1632
1233
1565
155
1363
288
1807
1274
566
263
1878
867
487
1670
288
159
642
1886
246
1704
1878
588
1133
1609
226
1631
1324
1264
663
1721
1160
1287
54
1754
1205
363
541
1156
653
1234
183
933
1849
798
717
53
1632
848
1728
43
603
286
1592
932
1074
798
1110
252
306
1656
398
1475
455
1498
458
997
305
1762
1994
458
48
477
593
1631
1351
438
389
890
551
317
1417
259
1192
360
1954
754
864
1817
1557
1805
1892
1203
1834
1323
1609
478
1918
1441
955
1652
1031
1875
1952
1882
1511
591
520
459
1159
1318
405
1987
1717
109
1649
1910
719
469
757
1790
1101
176
746
1330
1467
1510
118
1248
1697
1379
1947
1321
537
489
1825
330
438
88
73
1543
709
536
440
1438
1343
1049
1346
45
64
923
1513
1670
1505
393
1934
462
1586
720
493
1320
966
272
1790
1712
577
1153
740
318
620
1894
183
1711
1225
313
1071
204
835
1043
1206
96
789
1864
987
116
1325
732
296
772
1942
732
443
1175
798
414
1443
1883
353
1950
1699
350
492
1287
406
1623
1964
1281
142
337
310
170
1901
1751
627
1477
812
1371
201
53
919
1781
1667
1917
1865
1810
459
1600
1492
1264
1816
257
1610
1918
1530
1272
393
933
1290
1881
1770
1916
1685
1547
1323
1257
330
1724
1855
692
240
400
393
1048
178
985
1010
1727
991
1814
1047
52
1630
1079
743
119
631
1482
270
16
209
1417
1055
102
1362
311
696
1833
1725
1900
1465
271
900
1784
1172
1051
1428
501
1102
950
1259
199
1793
673
415
1210
941
1399
1437
14
1432
123
318
413
1483
1782
968
577
790
1491
321
592
17
1981
1594
764
1830
275
1844
225
1547
1613
332
1175
1271
1915
1766
915
62
1031
1680
575
127
1379
1476
1422
700
1418
1562
559
329
104
1929
